Root: 2.000000
Root: 1.521379
Root: 1.000000
